LIG
    30
   7.4150000   7.4150000   6.6550000   7.4150000   7.4150000   5.1180000
   6.3560000   8.0190000   7.3330000   6.8110000   8.4730000   4.4400000
   8.4730000   6.8110000   7.3330000   8.0190000   6.3560000   4.4400000
   6.4040000   8.0820000   8.7450000   6.7480000   8.4260000   3.0280000
   8.4260000   6.7480000   8.7450000   8.0820000   6.4040000   3.0280000
   7.4150000   7.4150000   9.4600000   7.4150000   7.4150000   2.3130000
   5.3440000   8.7910000   9.4830000   6.0390000   9.4850000   2.2900000
   9.4850000   6.0390000   9.4830000   8.7910000   5.3440000   2.2900000
   5.6700000   8.4420000   6.8650000   6.3870000   9.1600000   4.9090000
   9.1600000   6.3870000   6.8650000   8.4420000   5.6700000   4.9090000
   7.4150000   7.4150000  10.3890000   7.4150000   7.4150000   1.3840000
   4.2520000   8.9300000   8.8140000   5.8990000  10.5770000   2.9590000
  10.5770000   5.8990000   8.8140000   8.9300000   4.2520000   2.9590000
   9.2880000   5.6110000   1.2440000   9.2190000   5.5420000  10.5290000
   5.5420000   9.2190000   1.2440000   5.6110000   9.2880000  10.5290000
